50
4965 
652 15 
2063 6886 7757 
337 9310 1147 2279 
1063 2861 872 9887 9223 
5293 8188 3157 7658 2286 7495 
2654 1029 9957 1177 933 4905 2575 
6940 6958 9768 6516 8116 9900 1002 6542 
1302 7380 6511 1948 3031 9088 5093 1875 1990 
1480 2396 6276 5533 622 2216 9684 9940 8281 2743 
6392 5959 5557 8724 5919 3978 3609 5483 8436 6521 8105 
7118 8564 5828 6141 695 8749 5707 1361 9663 4024 2838 2638 
4462 1672 9321 3113 1412 6355 8406 3882 9367 8689 8611 7440 942 
7378 2893 244 6542 1653 6733 6571 946 1959 3322 5359 4353 5656 1231 
6208 555 1220 4175 3735 3107 3216 6374 8348 1347 7716 4210 3689 237 8728 
6146 3726 7246 4690 6526 998 2120 1919 5847 3898 9344 7119 6335 8340 228 3254 
8812 1879 3985 3632 3689 5437 8373 8981 4062 1345 6864 6366 8370 78 5344 1335 6126 
2695 989 7685 4643 1993 354 697 7039 7054 7902 5461 4348 371 1722 2303 4361 9453 8747 
9684 3229 2087 9882 2751 5833 2719 7074 7002 8829 177 4265 7667 6654 5460 7027 1683 6711 8564 
660 8556 4029 303 3717 3889 999 7653 7353 2666 5406 7305 4063 4359 7106 4477 5146 1877 8445 1453 
4288 7039 460 330 8928 4599 6378 5963 4488 3029 3583 2495 5878 703 3850 3510 2621 5866 9627 1136 762 
7151 20 9413 663 8130 1024 8151 9567 2191 3668 8293 5091 454 2293 562 1917 5337 2795 981 1236 1859 4117 
4786 1199 9755 1309 4905 9181 3112 493 2685 708 440 9586 8120 777 5260 5919 2333 8128 8630 7653 5118 4803 2246 
5826 2879 5400 6033 1176 122 1102 6564 256 5653 4169 5735 4526 17 3935 8373 791 4452 5537 7386 496 5834 5374 1038 
8584 2695 3700 770 3257 2176 4712 136 3947 5738 2200 7480 7338 8595 2192 9328 4713 1760 218 3308 470 7207 7225 8183 176 
6734 1479 4720 758 5027 4157 1776 1042 9661 1508 1130 487 8707 3146 3940 4775 9580 4727 5110 3175 1670 5808 7825 8822 1755 9899 
4546 3884 3201 2596 7334 1392 9041 2656 3808 8925 6539 8336 2041 5014 4567 4664 1335 1591 3391 4400 8961 5054 5755 507 8994 1129 2989 
295 9052 3617 5198 3348 8928 7288 7561 9560 1643 720 5639 2770 6194 5788 1274 7853 2961 8075 6270 5864 416 4897 6668 8740 1528 3992 5905 
2189 9381 1416 3486 7196 9964 7058 1938 8588 2270 9283 9909 1900 5181 3063 4470 6181 5295 9292 8504 1389 1153 8569 4536 8459 4814 9278 7346 700 
6224 4957 7044 308 8390 5866 2467 5097 9607 4032 7197 1533 1637 4548 5471 7674 1349 253 2696 1299 7471 6852 4797 6360 7025 696 1118 5386 8377 9685 
7065 784 6962 1014 3710 4986 2782 1321 2067 8548 2517 9123 3720 7677 4893 2771 2302 8136 3499 1051 6691 5490 5417 7500 5089 7222 2008 1121 4217 238 4056 
6079 297 9306 7606 9387 6886 4229 5028 7932 7254 5302 1487 8307 700 405 8381 2489 1289 511 7078 9448 2049 172 7542 5276 1613 8862 3023 3435 1247 3421 515 
7266 7115 1473 1346 9762 1235 1167 1169 9164 3059 5687 5869 25 1007 5453 4782 13 8922 4599 7487 2524 5273 1879 8589 301 503 442 6318 926 8842 5999 8291 9832 
7653 9532 9633 453 8943 1278 7421 1792 2884 463 3270 2412 7803 6445 9720 2199 1752 7864 2221 8127 5923 572 3479 6006 9656 9856 3628 8275 2848 4158 7024 9209 7649 4 
4937 539 337 7930 2943 3136 192 9126 2323 2228 6855 6588 7922 1983 1931 2042 8729 2730 6167 258 75 831 8105 3737 481 2624 2795 896 2065 3068 5669 9841 755 9421 497 
6845 464 1060 6815 979 2683 5929 4218 9747 7060 8382 9979 372 3787 5268 1229 5603 7042 7601 2177 2989 662 2512 2962 5407 639 7928 3115 3035 8838 7266 6487 6093 1191 9509 1881 
223 5031 5204 9630 2139 6679 9883 8176 2063 2426 6070 1709 3621 4291 8611 2103 1715 8979 1704 1309 3697 7378 3624 6985 9545 4731 2866 747 1636 2669 202 7351 6402 1070 365 2042 9562 
3731 2127 9939 7827 7934 7927 2959 1985 8072 7773 9877 8293 6799 2594 548 6894 8785 7761 7113 8069 7769 245 1541 7320 2617 940 9087 9492 3529 8650 2390 1240 9807 225 4282 9880 160 559 
2315 2415 2038 4008 5858 7065 8211 37 1535 4016 1540 1261 3394 1573 9 2052 6974 3810 3396 66 1946 5437 3392 9765 9754 5983 1140 8137 7518 3637 1672 5078 8025 55 23 5083 3237 6648 3862 
3050 9878 9198 4196 1123 4092 8994 2835 630 972 2425 7541 2004 7456 2756 8202 341 3502 7717 6906 3135 4327 4324 4365 7829 322 2401 499 6542 3576 1626 5425 5880 3169 3391 1017 9356 4767 8004 5886 
3556 2840 6839 3926 650 8906 7634 992 5635 3914 5491 2615 268 9454 363 5624 6547 1420 9300 1041 7241 2962 855 59 5863 2680 3740 7066 4047 2114 546 7058 4260 9403 5842 7132 9821 3486 528 1353 1669 
3254 3473 6726 663 473 8915 6625 8664 4449 5721 2170 9349 8619 3622 8717 1103 3363 1437 5888 2132 2896 4534 5272 8640 8395 6115 3617 2804 5686 3395 1598 325 3003 951 9565 3224 6098 8644 9566 8541 7287 4520 
9046 2809 7835 9024 8911 8329 458 3866 130 7252 1166 9382 6008 2288 9538 1154 7245 8967 2824 4166 3366 3179 8319 9565 1637 2936 6800 6950 4906 4697 4264 3673 4236 9182 7962 9358 872 6732 118 9690 5385 197 7653 
475 7465 9418 4534 5111 3751 991 7822 5040 3786 4270 9115 6074 2549 8094 4186 5504 6891 884 3386 7972 2180 9498 7489 1190 8625 6896 7709 3766 813 9537 2077 7469 7172 2248 8769 25 9048 2098 9199 1416 3778 9030 6216 
7896 7622 2002 2698 1947 794 6711 183 8400 7496 6408 2198 7056 9985 1870 5048 535 6821 8848 8062 1524 8145 1617 4074 1986 3688 8827 5539 5735 5285 2587 5196 9261 8511 9580 6839 9887 7374 7017 3862 9991 3901 3101 706 998 
1025 8861 5936 6787 7385 553 6529 4231 7191 8062 7032 504 5630 8255 8257 3637 1275 9766 8081 9521 7049 757 6713 9972 3952 3570 78 8431 830 3315 5534 8558 6072 2005 3387 7202 9426 388 6764 4224 6606 4582 677 212 4706 776 
7139 7802 205 4014 3341 1454 2475 1540 792 8818 8871 2299 3705 1760 9584 4097 8192 8481 8783 671 4099 4350 1736 4633 8120 1637 8015 2801 1720 2558 925 93 6496 1341 7091 4011 1434 9115 8670 5714 9308 1777 1500 6058 4366 5908 574 
3039 1329 6551 2766 7314 9519 381 514 113 2782 9807 5762 9576 1625 2413 6167 455 4544 1640 7972 5365 2031 5519 4154 5910 6397 5704 3926 7402 9829 9154 9918 1046 426 4520 956 2390 2007 9801 9369 6963 1300 6341 750 385 8304 1467 5255 
9421 6795 353 9913 5077 5715 4963 2086 2536 6259 6192 3102 5808 2614 4897 5608 9565 6562 5644 4546 7748 8674 536 9317 5863 1524 4817 4908 5943 3349 4830 9350 5095 4362 2337 5466 2611 592 7935 8571 6544 3158 7569 5932 7686 7225 8890 277 6124 
8112 9146 2983 7699 3082 98 477 3573 9669 3081 8419 8351 5872 4431 2555 8893 8419 1184 6510 4357 5677 1739 8816 7735 2494 8435 3111 3603 6311 2005 3965 8795 1822 8523 5044 715 5238 5585 3145 7398 9247 7719 2492 2179 3129 2854 3615 2776 5743 7526 
