30
2759 
6198 6071 
1068 9395 7643 
9868 1290 1650 2049 
9033 1427 1841 4249 2716 
9922 3805 8211 7855 8565 7521 
6677 6914 6607 9377 2734 2394 3628 
2981 7656 5033 122 7898 2621 9135 1751 
5205 156 6401 3477 2634 2011 6794 165 6204 
9775 2096 9827 3718 7690 5784 414 8089 8452 8268 
3739 4535 381 3708 5722 9695 5042 8259 9769 5370 2462 
4091 4791 4310 8915 4115 7452 7360 8521 8992 136 7256 5957 
9666 8073 4335 638 5929 9440 7972 1437 7463 7846 8352 2227 4216 
1643 6862 8656 7279 1808 6335 8736 4547 4790 8332 7240 5082 1798 1037 
9058 756 2450 1995 9989 4811 1931 9265 3353 5897 2085 504 9353 2155 312 
4867 7113 3893 2425 6808 2474 1750 5464 7920 1020 1037 1099 1248 7556 844 699 
6537 8286 6908 6365 8078 3701 2994 1507 9156 7616 4688 2308 8606 1631 1615 5354 6857 
4903 9643 3850 1445 649 7407 1722 3222 1610 6563 8446 7690 7998 7331 1171 9308 5735 898 
3119 7208 6333 7455 2504 7856 1774 8231 9445 318 4040 123 2786 1371 947 9763 2616 6111 7509 
7762 5468 2378 9361 9980 1847 1874 272 2710 294 9694 882 1405 7634 1747 8998 1978 690 3484 2424 
2149 352 4336 8059 5271 2490 5887 7160 5012 4634 7420 9253 9640 6120 8722 4153 913 7229 5904 4559 3998 
3516 614 7002 4038 2349 9173 216 9196 1897 5666 9961 3458 8333 3403 1505 7964 9944 7693 940 5846 567 8182 
6722 5944 4228 2630 4124 2073 5275 7003 7382 5986 9117 8189 3924 5796 7847 9319 8682 9516 8629 4456 3031 7174 5908 
921 5138 5185 3462 4511 3480 1345 1993 8019 8164 7354 7642 4912 8432 9708 342 1980 5434 2314 2673 7275 6971 6143 2234 
4369 4964 6659 9615 9719 4074 6938 2045 944 1589 6158 6955 1099 6995 8590 5239 7211 6466 7863 2577 6182 7261 386 3239 1067 
54 8862 3664 7000 2485 1472 7293 9931 4272 4888 253 4519 1020 3317 7696 8809 898 4491 1630 955 7494 3284 7545 8392 7460 4774 
5312 7489 4588 8676 2294 8544 2752 3127 3330 2460 602 2334 1256 8428 1988 1779 6008 6191 1122 2112 4725 3275 514 3265 9833 8005 6472 
828 3671 6545 547 8703 7729 6921 2644 6073 1211 2115 4144 380 6816 254 9716 8977 4339 7406 8136 988 2408 5273 1591 2209 9749 8224 2525 
9943 3971 1522 6450 6317 9289 4541 3607 811 1771 5766 4686 2697 6751 1835 5023 3669 3792 8488 9240 5809 8742 5063 4613 1180 7814 2107 1728 6034 
8598 9886 891 6998 6516 5673 9275 6239 2055 7605 855 32 7750 2352 7762 9437 3816 114 821 427 5068 5696 2384 9703 4809 6416 3490 4330 1720 4702 
